{
  "elements": [{
    "province_state": "New Delhi",
    "movingAverageGrowthRate": [["daily", 0.0], ["weekly", 0.0], ["biweekly", 0.0], ["triweekly", 0.0]],
    "movingAverageConfirmedDailyPerCapita": [["daily", 0.0], ["weekly", 0.0], ["biweekly", 0.0], ["triweekly", 0.0]],
    "movingAverageConfirmedCumulativePerCapita": [["daily", 0.0], ["weekly", 0.0], ["biweekly", 0.0], ["triweekly", 0.0]],
    "movingAverageConfirmedCumulativePerCapitaPerPD": [["daily", 0.0], ["weekly", 0.0], ["biweekly", 0.0], ["triweekly", 0.0]],
    "country": "India",
    "long": "77.2",
    "movingAverageEstimatedAlpha": [["daily", 0.0], ["weekly", 0.0], ["biweekly", 0.0], ["triweekly", 0.0]],
    "date": "1/22/20",
    "movingAverageDeathRate": [["daily", 0.0], ["weekly", 0.0], ["biweekly", 0.0], ["triweekly", 0.0]],
    "lat": "28.6",
    "movingAverageControlAssessment": [["daily", 0.0], ["weekly", 0.0], ["biweekly", 0.0], ["triweekly", 0.0]]
  }, {
    "province_state": "New Delhi",
    "movingAverageGrowthRate": [["daily", 0.0], ["weekly", 0.0], ["biweekly", 0.0], ["triweekly", 0.0]],
    "movingAverageConfirmedDailyPerCapita": [["daily", 0.0], ["weekly", 0.0], ["biweekly", 0.0], ["triweekly", 0.0]],
    "movingAverageConfirmedCumulativePerCapita": [["daily", 0.0], ["weekly", 0.0], ["biweekly", 0.0], ["triweekly", 0.0]],
    "movingAverageConfirmedCumulativePerCapitaPerPD": [["daily", 0.0], ["weekly", 0.0], ["biweekly", 0.0], ["triweekly", 0.0]],
    "country": "India",
    "long": "77.2",
    "movingAverageEstimatedAlpha": [["daily", 0.0], ["weekly", 0.0], ["biweekly", 0.0], ["triweekly", 0.0]],
    "date": "1/23/20",
    "movingAverageDeathRate": [["daily", 0.0], ["weekly", 0.0], ["biweekly", 0.0], ["triweekly", 0.0]],
    "lat": "28.6",
    "movingAverageControlAssessment": [["daily", 0.0], ["weekly", 0.0], ["biweekly", 0.0], ["triweekly", 0.0]]
  }, {
    "province_state": "New Delhi",
    "movingAverageGrowthRate": [["daily", 0.0], ["weekly", 0.0], ["biweekly", 0.0], ["triweekly", 0.0]],
    "movingAverageConfirmedDailyPerCapita": [["daily", 0.0], ["weekly", 0.0], ["biweekly", 0.0], ["triweekly", 0.0]],
    "movingAverageConfirmedCumulativePerCapita": [["daily", 0.0], ["weekly", 0.0], ["biweekly", 0.0], ["triweekly", 0.0]],
    "movingAverageConfirmedCumulativePerCapitaPerPD": [["daily", 0.0], ["weekly", 0.0], ["biweekly", 0.0], ["triweekly", 0.0]],
    "country": "India",
    "long": "77.2",
    "movingAverageEstimatedAlpha": [["daily", 0.0], ["weekly", 0.0], ["biweekly", 0.0], ["triweekly", 0.0]],
    "date": "1/24/20",
    "movingAverageDeathRate": [["daily", 0.0], ["weekly", 0.0], ["biweekly", 0.0], ["triweekly", 0.0]],
    "lat": "28.6",
    "movingAverageControlAssessment": [["daily", 0.0], ["weekly", 0.0], ["biweekly", 0.0], ["triweekly", 0.0]]
  }, {
    "province_state": "New Delhi",
    "movingAverageGrowthRate": [["daily", 0.0], ["weekly", 0.0], ["biweekly", 0.0], ["triweekly", 0.0]],
    "movingAverageConfirmedDailyPerCapita": [["daily", 0.0], ["weekly", 0.0], ["biweekly", 0.0], ["triweekly", 0.0]],
    "movingAverageConfirmedCumulativePerCapita": [["daily", 0.0], ["weekly", 0.0], ["biweekly", 0.0], ["triweekly", 0.0]],
    "movingAverageConfirmedCumulativePerCapitaPerPD": [["daily", 0.0], ["weekly", 0.0], ["biweekly", 0.0], ["triweekly", 0.0]],
    "country": "India",
    "long": "77.2",
    "movingAverageEstimatedAlpha": [["daily", 0.0], ["weekly", 0.0], ["biweekly", 0.0], ["triweekly", 0.0]],
    "date": "1/25/20",
    "movingAverageDeathRate": [["daily", 0.0], ["weekly", 0.0], ["biweekly", 0.0], ["triweekly", 0.0]],
    "lat": "28.6",
    "movingAverageControlAssessment": [["daily", 0.0], ["weekly", 0.0], ["biweekly", 0.0], ["triweekly", 0.0]]
  }, {
    "province_state": "New Delhi",
    "movingAverageGrowthRate": [["daily", 0.0], ["weekly", 0.0], ["biweekly", 0.0], ["triweekly", 0.0]],
    "movingAverageConfirmedDailyPerCapita": [["daily", 0.0], ["weekly", 0.0], ["biweekly", 0.0], ["triweekly", 0.0]],
    "movingAverageConfirmedCumulativePerCapita": [["daily", 0.0], ["weekly", 0.0], ["biweekly", 0.0], ["triweekly", 0.0]],
    "movingAverageConfirmedCumulativePerCapitaPerPD": [["daily", 0.0], ["weekly", 0.0], ["biweekly", 0.0], ["triweekly", 0.0]],
    "country": "India",
    "long": "77.2",
    "movingAverageEstimatedAlpha": [["daily", 0.0], ["weekly", 0.0], ["biweekly", 0.0], ["triweekly", 0.0]],
    "date": "1/26/20",
    "movingAverageDeathRate": [["daily", 0.0], ["weekly", 0.0], ["biweekly", 0.0], ["triweekly", 0.0]],
    "lat": "28.6",
    "movingAverageControlAssessment": [["daily", 0.0], ["weekly", 0.0], ["biweekly", 0.0], ["triweekly", 0.0]]
  }, {
    "province_state": "New Delhi",
    "movingAverageGrowthRate": [["daily", 0.0], ["weekly", 0.0], ["biweekly", 0.0], ["triweekly", 0.0]],
    "movingAverageConfirmedDailyPerCapita": [["daily", 0.0], ["weekly", 0.0], ["biweekly", 0.0], ["triweekly", 0.0]],
    "movingAverageConfirmedCumulativePerCapita": [["daily", 0.0], ["weekly", 0.0], ["biweekly", 0.0], ["triweekly", 0.0]],
    "movingAverageConfirmedCumulativePerCapitaPerPD": [["daily", 0.0], ["weekly", 0.0], ["biweekly", 0.0], ["triweekly", 0.0]],
    "country": "India",
    "long": "77.2",
    "movingAverageEstimatedAlpha": [["daily", 0.0], ["weekly", 0.0], ["biweekly", 0.0], ["triweekly", 0.0]],
    "date": "1/27/20",
    "movingAverageDeathRate": [["daily", 0.0], ["weekly", 0.0], ["biweekly", 0.0], ["triweekly", 0.0]],
    "lat": "28.6",
    "movingAverageControlAssessment": [["daily", 0.0], ["weekly", 0.0], ["biweekly", 0.0], ["triweekly", 0.0]]
  }, {
    "province_state": "New Delhi",
    "movingAverageGrowthRate": [["daily", 0.0], ["weekly", 0.0], ["biweekly", 0.0], ["triweekly", 0.0]],
    "movingAverageConfirmedDailyPerCapita": [["daily", 0.0], ["weekly", 0.0], ["biweekly", 0.0], ["triweekly", 0.0]],
    "movingAverageConfirmedCumulativePerCapita": [["daily", 0.0], ["weekly", 0.0], ["biweekly", 0.0], ["triweekly", 0.0]],
    "movingAverageConfirmedCumulativePerCapitaPerPD": [["daily", 0.0], ["weekly", 0.0], ["biweekly", 0.0], ["triweekly", 0.0]],
    "country": "India",
    "long": "77.2",
    "movingAverageEstimatedAlpha": [["daily", 0.0], ["weekly", 0.0], ["biweekly", 0.0], ["triweekly", 0.0]],
    "date": "1/28/20",
    "movingAverageDeathRate": [["daily", 0.0], ["weekly", 0.0], ["biweekly", 0.0], ["triweekly", 0.0]],
    "lat": "28.6",
    "movingAverageControlAssessment": [["daily", 0.0], ["weekly", 0.0], ["biweekly", 0.0], ["triweekly", 0.0]]
  }, {
    "province_state": "New Delhi",
    "movingAverageGrowthRate": [["daily", 0.0], ["weekly", 0.0], ["biweekly", 0.0], ["triweekly", 0.0]],
    "movingAverageConfirmedDailyPerCapita": [["daily", 0.0], ["weekly", 0.0], ["biweekly", 0.0], ["triweekly", 0.0]],
    "movingAverageConfirmedCumulativePerCapita": [["daily", 0.0], ["weekly", 0.0], ["biweekly", 0.0], ["triweekly", 0.0]],
    "movingAverageConfirmedCumulativePerCapitaPerPD": [["daily", 0.0], ["weekly", 0.0], ["biweekly", 0.0], ["triweekly", 0.0]],
    "country": "India",
    "long": "77.2",
    "movingAverageEstimatedAlpha": [["daily", 0.0], ["weekly", 0.0], ["biweekly", 0.0], ["triweekly", 0.0]],
    "date": "1/29/20",
    "movingAverageDeathRate": [["daily", 0.0], ["weekly", 0.0], ["biweekly", 0.0], ["triweekly", 0.0]],
    "lat": "28.6",
    "movingAverageControlAssessment": [["daily", 0.0], ["weekly", 0.0], ["biweekly", 0.0], ["triweekly", 0.0]]
  }, {
    "province_state": "New Delhi",
    "movingAverageGrowthRate": [["daily", 0.0], ["weekly", 0.0], ["biweekly", 0.0], ["triweekly", 0.0]],
    "movingAverageConfirmedDailyPerCapita": [["daily", 0.00007260932756136521], ["weekly", 0.0], ["biweekly", 0.0], ["triweekly", 0.0]],
    "movingAverageConfirmedCumulativePerCapita": [["daily", 0.00007260932756136521], ["weekly", 0.0], ["biweekly", 0.0], ["triweekly", 0.0]],
    "movingAverageConfirmedCumulativePerCapitaPerPD": [["daily", 0.000006678667797298228], ["weekly", 0.0], ["biweekly", 0.0], ["triweekly", 0.0]],
    "country": "India",
    "long": "77.2",
    "movingAverageEstimatedAlpha": [["daily", 0.0], ["weekly", 0.0], ["biweekly", 0.0], ["triweekly", 0.0]],
    "date": "1/30/20",
    "movingAverageDeathRate": [["daily", 0.0], ["weekly", 0.0], ["biweekly", 0.0], ["triweekly", 0.0]],
    "lat": "28.6",
    "movingAverageControlAssessment": [["daily", 0.0], ["weekly", 0.0], ["biweekly", 0.0], ["triweekly", 0.0]]
  }, {
    "province_state": "New Delhi",
    "movingAverageGrowthRate": [["daily", 0.0], ["weekly", 0.0], ["biweekly", 0.0], ["triweekly", 0.0]],
    "movingAverageConfirmedDailyPerCapita": [["daily", 0.0], ["weekly", 0.00001037276108019503], ["biweekly", 0.000005186380540097515], ["triweekly", 0.0000034575870267316767]],
    "movingAverageConfirmedCumulativePerCapita": [["daily", 0.00007260932756136521], ["weekly", 0.00001037276108019503], ["biweekly", 0.000005186380540097515], ["triweekly", 0.0000034575870267316767]],
    "movingAverageConfirmedCumulativePerCapitaPerPD": [["daily", 0.000006678667797298228], ["weekly", 9.540953996140324E-7], ["biweekly", 4.770476998070162E-7], ["triweekly", 3.180317998713442E-7]],
    "country": "India",
    "long": "77.2",
    "movingAverageEstimatedAlpha": [["daily", 0.0], ["weekly", 0.0], ["biweekly", 0.0], ["triweekly", 0.0]],
    "date": "1/31/20",
    "movingAverageDeathRate": [["daily", 0.0], ["weekly", 0.0], ["biweekly", 0.0], ["triweekly", 0.0]],
    "lat": "28.6",
    "movingAverageControlAssessment": [["daily", 0.00014521865512273041], ["weekly", 0.0], ["biweekly", 0.0], ["triweekly", 0.0]]
  }, {
    "province_state": "New Delhi",
    "movingAverageGrowthRate": [["daily", 0.0], ["weekly", 0.0], ["biweekly", 0.0], ["triweekly", 0.0]],
    "movingAverageConfirmedDailyPerCapita": [["daily", 0.0], ["weekly", 0.00001037276108019503], ["biweekly", 0.000005186380540097515], ["triweekly", 0.0000034575870267316767]],
    "movingAverageConfirmedCumulativePerCapita": [["daily", 0.00007260932756136521], ["weekly", 0.00002074552216039006], ["biweekly", 0.00001037276108019503], ["triweekly", 0.000006915174053463353]],
    "movingAverageConfirmedCumulativePerCapitaPerPD": [["daily", 0.000006678667797298228], ["weekly", 0.000001908190799228065], ["biweekly", 9.540953996140324E-7], ["triweekly", 6.360635997426884E-7]],
    "country": "India",
    "long": "77.2",
    "movingAverageEstimatedAlpha": [["daily", 0.0], ["weekly", 0.0], ["biweekly", 0.0], ["triweekly", 0.0]],
    "date": "2/1/20",
    "movingAverageDeathRate": [["daily", 0.0], ["weekly", 0.0], ["biweekly", 0.0], ["triweekly", 0.0]],
    "lat": "28.6",
    "movingAverageControlAssessment": [["daily", 0.0], ["weekly", 0.00002074552216039006], ["biweekly", 0.00001037276108019503], ["triweekly", 0.000006915174053463353]]
  }, {
    "province_state": "New Delhi",
    "movingAverageGrowthRate": [["daily", 0.0], ["weekly", 0.0], ["biweekly", 0.0], ["triweekly", 0.0]],
    "movingAverageConfirmedDailyPerCapita": [["daily", 0.00007260932756136521], ["weekly", 0.00001037276108019503], ["biweekly", 0.000005186380540097515], ["triweekly", 0.0000034575870267316767]],
    "movingAverageConfirmedCumulativePerCapita": [["daily", 0.00014521865512273041], ["weekly", 0.00003111828324058509], ["biweekly", 0.000015559141620292544], ["triweekly", 0.00001037276108019503]],
    "movingAverageConfirmedCumulativePerCapitaPerPD": [["daily", 0.000013357335594596455], ["weekly", 0.000002862286198842098], ["biweekly", 0.000001431143099421049], ["triweekly", 9.540953996140326E-7]],
    "country": "India",
    "long": "77.2",
    "movingAverageEstimatedAlpha": [["daily", 0.6931471805599453], ["weekly", 0.0], ["biweekly", 0.0], ["triweekly", 0.0]],
    "date": "2/2/20",
    "movingAverageDeathRate": [["daily", 0.0], ["weekly", 0.0], ["biweekly", 0.0], ["triweekly", 0.0]],
    "lat": "28.6",
    "movingAverageControlAssessment": [["daily", 0.0], ["weekly", 0.00002074552216039006], ["biweekly", 0.00001037276108019503], ["triweekly", 0.000006915174053463353]]
  }, {
    "province_state": "New Delhi",
    "movingAverageGrowthRate": [["daily", 1.0], ["weekly", 0.0], ["biweekly", 0.0], ["triweekly", 0.0]],
    "movingAverageConfirmedDailyPerCapita": [["daily", 0.00007260932756136521], ["weekly", 0.00002074552216039006], ["biweekly", 0.00001037276108019503], ["triweekly", 0.000006915174053463353]],
    "movingAverageConfirmedCumulativePerCapita": [["daily", 0.0002178279826840956], ["weekly", 0.00005186380540097515], ["biweekly", 0.000025931902700487574], ["triweekly", 0.00001728793513365838]],
    "movingAverageConfirmedCumulativePerCapitaPerPD": [["daily", 0.00002003600339189468], ["weekly", 0.000004770476998070162], ["biweekly", 0.000002385238499035081], ["triweekly", 0.0000015901589993567208]],
    "country": "India",
    "long": "77.2",
    "movingAverageEstimatedAlpha": [["daily", 0.4054651081081645], ["weekly", 0.09902102579427789], ["biweekly", 0.049510512897138946], ["triweekly", 0.033007008598092635]],
    "date": "2/3/20",
    "movingAverageDeathRate": [["daily", 0.0], ["weekly", 0.0], ["biweekly", 0.0], ["triweekly", 0.0]],
    "lat": "28.6",
    "movingAverageControlAssessment": [["daily", 0.00014521865512273041], ["weekly", 0.00002074552216039006], ["biweekly", 0.00001037276108019503], ["triweekly", 0.000006915174053463353]]
  }, {
    "province_state": "New Delhi",
    "movingAverageGrowthRate": [["daily", 1.0], ["weekly", 0.14285714285714285], ["biweekly", 0.07142857142857142], ["triweekly", 0.047619047619047616]],
    "movingAverageConfirmedDailyPerCapita": [["daily", 0.0], ["weekly", 0.00003111828324058509], ["biweekly", 0.000015559141620292544], ["triweekly", 0.00001037276108019503]],
    "movingAverageConfirmedCumulativePerCapita": [["daily", 0.0002178279826840956], ["weekly", 0.00008298208864156024], ["biweekly", 0.00004149104432078012], ["triweekly", 0.000027660696213853413]],
    "movingAverageConfirmedCumulativePerCapitaPerPD": [["daily", 0.00002003600339189468], ["weekly", 0.00000763276319691226], ["biweekly", 0.00000381638159845613], ["triweekly", 0.0000025442543989707534]],
    "country": "India",
    "long": "77.2",
    "movingAverageEstimatedAlpha": [["daily", 0.0], ["weekly", 0.15694461266687282], ["biweekly", 0.07847230633343641], ["triweekly", 0.05231487088895761]],
    "date": "2/4/20",
    "movingAverageDeathRate": [["daily", 0.0], ["weekly", 0.0], ["biweekly", 0.0], ["triweekly", 0.0]],
    "lat": "28.6",
    "movingAverageControlAssessment": [["daily", 0.00014521865512273041], ["weekly", 0.00004149104432078012], ["biweekly", 0.00002074552216039006], ["triweekly", 0.000013830348106926707]]
  }, {
    "province_state": "New Delhi",
    "movingAverageGrowthRate": [["daily", 0.0], ["weekly", 0.2857142857142857], ["biweekly", 0.14285714285714285], ["triweekly", 0.09523809523809523]],
    "movingAverageConfirmedDailyPerCapita": [["daily", 0.0], ["weekly", 0.00003111828324058509], ["biweekly", 0.000015559141620292544], ["triweekly", 0.00001037276108019503]],
    "movingAverageConfirmedCumulativePerCapita": [["daily", 0.0002178279826840956], ["weekly", 0.00011410037188214533], ["biweekly", 0.00005705018594107266], ["triweekly", 0.00003803345729404844]],
    "movingAverageConfirmedCumulativePerCapitaPerPD": [["daily", 0.00002003600339189468], ["weekly", 0.000010495049395754358], ["biweekly", 0.000005247524697877179], ["triweekly", 0.000003498349798584786]],
    "country": "India",
    "long": "77.2",
    "movingAverageEstimatedAlpha": [["daily", 0.0], ["weekly", 0.15694461266687282], ["biweekly", 0.07847230633343641], ["triweekly", 0.05231487088895761]],
    "date": "2/5/20",
    "movingAverageDeathRate": [["daily", 0.0], ["weekly", 0.0], ["biweekly", 0.0], ["triweekly", 0.0]],
    "lat": "28.6",
    "movingAverageControlAssessment": [["daily", 0.0], ["weekly", 0.00006223656648117018], ["biweekly", 0.00003111828324058509], ["triweekly", 0.00002074552216039006]]
  }, {
    "province_state": "New Delhi",
    "movingAverageGrowthRate": [["daily", 0.0], ["weekly", 0.2857142857142857], ["biweekly", 0.14285714285714285], ["triweekly", 0.09523809523809523]],
    "movingAverageConfirmedDailyPerCapita": [["daily", 0.0], ["weekly", 0.00003111828324058509], ["biweekly", 0.000015559141620292544], ["triweekly", 0.00001037276108019503]],
    "movingAverageConfirmedCumulativePerCapita": [["daily", 0.0002178279826840956], ["weekly", 0.00014521865512273041], ["biweekly", 0.00007260932756136521], ["triweekly", 0.00004840621837424347]],
    "movingAverageConfirmedCumulativePerCapitaPerPD": [["daily", 0.00002003600339189468], ["weekly", 0.000013357335594596455], ["biweekly", 0.000006678667797298228], ["triweekly", 0.000004452445198198819]],
    "country": "India",
    "long": "77.2",
    "movingAverageEstimatedAlpha": [["daily", 0.0], ["weekly", 0.15694461266687282], ["biweekly", 0.07847230633343641], ["triweekly", 0.05231487088895761]],
    "date": "2/6/20",
    "movingAverageDeathRate": [["daily", 0.0], ["weekly", 0.0], ["biweekly", 0.0], ["triweekly", 0.0]],
    "lat": "28.6",
    "movingAverageControlAssessment": [["daily", 0.0], ["weekly", 0.00006223656648117018], ["biweekly", 0.00003111828324058509], ["triweekly", 0.00002074552216039006]]
  }, {
    "province_state": "New Delhi",
    "movingAverageGrowthRate": [["daily", 0.0], ["weekly", 0.2857142857142857], ["biweekly", 0.14285714285714285], ["triweekly", 0.09523809523809523]],
    "movingAverageConfirmedDailyPerCapita": [["daily", 0.0], ["weekly", 0.00002074552216039006], ["biweekly", 0.000015559141620292544], ["triweekly", 0.00001037276108019503]],
    "movingAverageConfirmedCumulativePerCapita": [["daily", 0.0002178279826840956], ["weekly", 0.00016596417728312047], ["biweekly", 0.00008816846918165775], ["triweekly", 0.0000587789794544385]],
    "movingAverageConfirmedCumulativePerCapitaPerPD": [["daily", 0.00002003600339189468], ["weekly", 0.00001526552639382452], ["biweekly", 0.000008109810896719277], ["triweekly", 0.000005406540597812851]],
    "country": "India",
    "long": "77.2",
    "movingAverageEstimatedAlpha": [["daily", 0.0], ["weekly", 0.15694461266687282], ["biweekly", 0.07847230633343641], ["triweekly", 0.05231487088895761]],
    "date": "2/7/20",
    "movingAverageDeathRate": [["daily", 0.0], ["weekly", 0.0], ["biweekly", 0.0], ["triweekly", 0.0]],
    "lat": "28.6",
    "movingAverageControlAssessment": [["daily", 0.0], ["weekly", 0.00006223656648117018], ["biweekly", 0.00003111828324058509], ["triweekly", 0.00002074552216039006]]
  }, {
    "province_state": "New Delhi",
    "movingAverageGrowthRate": [["daily", 0.0], ["weekly", 0.2857142857142857], ["biweekly", 0.14285714285714285], ["triweekly", 0.09523809523809523]],
    "movingAverageConfirmedDailyPerCapita": [["daily", 0.0], ["weekly", 0.00002074552216039006], ["biweekly", 0.000015559141620292544], ["triweekly", 0.00001037276108019503]],
    "movingAverageConfirmedCumulativePerCapita": [["daily", 0.0002178279826840956], ["weekly", 0.00018670969944351053], ["biweekly", 0.0001037276108019503], ["triweekly", 0.00006915174053463352]],
    "movingAverageConfirmedCumulativePerCapitaPerPD": [["daily", 0.00002003600339189468], ["weekly", 0.000017173717193052586], ["biweekly", 0.000009540953996140325], ["triweekly", 0.000006360635997426883]],
    "country": "India",
    "long": "77.2",
    "movingAverageEstimatedAlpha": [["daily", 0.0], ["weekly", 0.15694461266687282], ["biweekly", 0.07847230633343641], ["triweekly", 0.05231487088895761]],
    "date": "2/8/20",
    "movingAverageDeathRate": [["daily", 0.0], ["weekly", 0.0], ["biweekly", 0.0], ["triweekly", 0.0]],
    "lat": "28.6",
    "movingAverageControlAssessment": [["daily", 0.0], ["weekly", 0.00004149104432078012], ["biweekly", 0.00003111828324058509], ["triweekly", 0.00002074552216039006]]
  }, {
    "province_state": "New Delhi",
    "movingAverageGrowthRate": [["daily", 0.0], ["weekly", 0.2857142857142857], ["biweekly", 0.14285714285714285], ["triweekly", 0.09523809523809523]],
    "movingAverageConfirmedDailyPerCapita": [["daily", 0.0], ["weekly", 0.00002074552216039006], ["biweekly", 0.000015559141620292544], ["triweekly", 0.00001037276108019503]],
    "movingAverageConfirmedCumulativePerCapita": [["daily", 0.0002178279826840956], ["weekly", 0.0002074552216039006], ["biweekly", 0.00011928675242224283], ["triweekly", 0.00007952450161482857]],
    "movingAverageConfirmedCumulativePerCapitaPerPD": [["daily", 0.00002003600339189468], ["weekly", 0.00001908190799228065], ["biweekly", 0.000010972097095561372], ["triweekly", 0.000007314731397040915]],
    "country": "India",
    "long": "77.2",
    "movingAverageEstimatedAlpha": [["daily", 0.0], ["weekly", 0.15694461266687282], ["biweekly", 0.07847230633343641], ["triweekly", 0.05231487088895761]],
    "date": "2/9/20",
    "movingAverageDeathRate": [["daily", 0.0], ["weekly", 0.0], ["biweekly", 0.0], ["triweekly", 0.0]],
    "lat": "28.6",
    "movingAverageControlAssessment": [["daily", 0.0], ["weekly", 0.00004149104432078012], ["biweekly", 0.00003111828324058509], ["triweekly", 0.00002074552216039006]]
  }, {
    "province_state": "New Delhi",
    "movingAverageGrowthRate": [["daily", 0.0], ["weekly", 0.2857142857142857], ["biweekly", 0.14285714285714285], ["triweekly", 0.09523809523809523]],
    "movingAverageConfirmedDailyPerCapita": [["daily", 0.0], ["weekly", 0.00001037276108019503], ["biweekly", 0.000015559141620292544], ["triweekly", 0.00001037276108019503]],
    "movingAverageConfirmedCumulativePerCapita": [["daily", 0.0002178279826840956], ["weekly", 0.0002178279826840956], ["biweekly", 0.00013484589404253537], ["triweekly", 0.0000898972626950236]],
    "movingAverageConfirmedCumulativePerCapitaPerPD": [["daily", 0.00002003600339189468], ["weekly", 0.00002003600339189468], ["biweekly", 0.00001240324019498242], ["triweekly", 0.000008268826796654947]],
    "country": "India",
    "long": "77.2",
    "movingAverageEstimatedAlpha": [["daily", 0.0], ["weekly", 0.057923586872594926], ["biweekly", 0.07847230633343641], ["triweekly", 0.05231487088895761]],
    "date": "2/10/20",
    "movingAverageDeathRate": [["daily", 0.0], ["weekly", 0.0], ["biweekly", 0.0], ["triweekly", 0.0]],
    "lat": "28.6",
    "movingAverageControlAssessment": [["daily", 0.0], ["weekly", 0.00004149104432078012], ["biweekly", 0.00003111828324058509], ["triweekly", 0.00002074552216039006]]
  }, {
    "province_state": "New Delhi",
    "movingAverageGrowthRate": [["daily", 0.0], ["weekly", 0.14285714285714285], ["biweekly", 0.14285714285714285], ["triweekly", 0.09523809523809523]],
    "movingAverageConfirmedDailyPerCapita": [["daily", 0.0], ["weekly", 0.0], ["biweekly", 0.000015559141620292544], ["triweekly", 0.00001037276108019503]],
    "movingAverageConfirmedCumulativePerCapita": [["daily", 0.0002178279826840956], ["weekly", 0.0002178279826840956], ["biweekly", 0.0001504050356628279], ["triweekly", 0.00010027002377521861]],
    "movingAverageConfirmedCumulativePerCapitaPerPD": [["daily", 0.00002003600339189468], ["weekly", 0.00002003600339189468], ["biweekly", 0.000013834383294403468], ["triweekly", 0.000009222922196268979]],
    "country": "India",
    "long": "77.2",
    "movingAverageEstimatedAlpha": [["daily", 0.0], ["weekly", 0.0], ["biweekly", 0.07847230633343641], ["triweekly", 0.05231487088895761]],
    "date": "2/11/20",
    "movingAverageDeathRate": [["daily", 0.0], ["weekly", 0.0], ["biweekly", 0.0], ["triweekly", 0.0]],
    "lat": "28.6",
    "movingAverageControlAssessment": [["daily", 0.0], ["weekly", 0.00002074552216039006], ["biweekly", 0.00003111828324058509], ["triweekly", 0.00002074552216039006]]
  }, {
    "province_state": "New Delhi",
    "movingAverageGrowthRate": [["daily", 0.0], ["weekly", 0.0], ["biweekly", 0.14285714285714285], ["triweekly", 0.09523809523809523]],
    "movingAverageConfirmedDailyPerCapita": [["daily", 0.0], ["weekly", 0.0], ["biweekly", 0.000015559141620292544], ["triweekly", 0.00001037276108019503]],
    "movingAverageConfirmedCumulativePerCapita": [["daily", 0.0002178279826840956], ["weekly", 0.0002178279826840956], ["biweekly", 0.00016596417728312045], ["triweekly", 0.00011064278485541363]],
    "movingAverageConfirmedCumulativePerCapitaPerPD": [["daily", 0.00002003600339189468], ["weekly", 0.00002003600339189468], ["biweekly", 0.000015265526393824516], ["triweekly", 0.00001017701759588301]],
    "country": "India",
    "long": "77.2",
    "movingAverageEstimatedAlpha": [["daily", 0.0], ["weekly", 0.0], ["biweekly", 0.07847230633343641], ["triweekly", 0.05231487088895761]],
    "date": "2/12/20",
    "movingAverageDeathRate": [["daily", 0.0], ["weekly", 0.0], ["biweekly", 0.0], ["triweekly", 0.0]],
    "lat": "28.6",
    "movingAverageControlAssessment": [["daily", 0.0], ["weekly", 0.0], ["biweekly", 0.00003111828324058509], ["triweekly", 0.00002074552216039006]]
  }, {
    "province_state": "New Delhi",
    "movingAverageGrowthRate": [["daily", 0.0], ["weekly", 0.0], ["biweekly", 0.14285714285714285], ["triweekly", 0.09523809523809523]],
    "movingAverageConfirmedDailyPerCapita": [["daily", 0.0], ["weekly", 0.0], ["biweekly", 0.000015559141620292544], ["triweekly", 0.00001037276108019503]],
    "movingAverageConfirmedCumulativePerCapita": [["daily", 0.0002178279826840956], ["weekly", 0.0002178279826840956], ["biweekly", 0.00018152331890341298], ["triweekly", 0.00012101554593560864]],
    "movingAverageConfirmedCumulativePerCapitaPerPD": [["daily", 0.00002003600339189468], ["weekly", 0.00002003600339189468], ["biweekly", 0.000016696669493245565], ["triweekly", 0.000011131112995497042]],
    "country": "India",
    "long": "77.2",
    "movingAverageEstimatedAlpha": [["daily", 0.0], ["weekly", 0.0], ["biweekly", 0.07847230633343641], ["triweekly", 0.05231487088895761]],
    "date": "2/13/20",
    "movingAverageDeathRate": [["daily", 0.0], ["weekly", 0.0], ["biweekly", 0.0], ["triweekly", 0.0]],
    "lat": "28.6",
    "movingAverageControlAssessment": [["daily", 0.0], ["weekly", 0.0], ["biweekly", 0.00003111828324058509], ["triweekly", 0.00002074552216039006]]
  }, {
    "province_state": "New Delhi",
    "movingAverageGrowthRate": [["daily", 0.0], ["weekly", 0.0], ["biweekly", 0.14285714285714285], ["triweekly", 0.09523809523809523]],
    "movingAverageConfirmedDailyPerCapita": [["daily", 0.0], ["weekly", 0.0], ["biweekly", 0.00001037276108019503], ["triweekly", 0.00001037276108019503]],
    "movingAverageConfirmedCumulativePerCapita": [["daily", 0.0002178279826840956], ["weekly", 0.0002178279826840956], ["biweekly", 0.000191896079983608], ["triweekly", 0.00013138830701580367]],
    "movingAverageConfirmedCumulativePerCapitaPerPD": [["daily", 0.00002003600339189468], ["weekly", 0.00002003600339189468], ["biweekly", 0.000017650764892859597], ["triweekly", 0.000012085208395111076]],
    "country": "India",
    "long": "77.2",
    "movingAverageEstimatedAlpha": [["daily", 0.0], ["weekly", 0.0], ["biweekly", 0.07847230633343641], ["triweekly", 0.05231487088895761]],
    "date": "2/14/20",
    "movingAverageDeathRate": [["daily", 0.0], ["weekly", 0.0], ["biweekly", 0.0], ["triweekly", 0.0]],
    "lat": "28.6",
    "movingAverageControlAssessment": [["daily", 0.0], ["weekly", 0.0], ["biweekly", 0.00003111828324058509], ["triweekly", 0.00002074552216039006]]
  }, {
    "province_state": "New Delhi",
    "movingAverageGrowthRate": [["daily", 0.0], ["weekly", 0.0], ["biweekly", 0.14285714285714285], ["triweekly", 0.09523809523809523]],
    "movingAverageConfirmedDailyPerCapita": [["daily", 0.0], ["weekly", 0.0], ["biweekly", 0.00001037276108019503], ["triweekly", 0.00001037276108019503]],
    "movingAverageConfirmedCumulativePerCapita": [["daily", 0.0002178279826840956], ["weekly", 0.0002178279826840956], ["biweekly", 0.00020226884106380302], ["triweekly", 0.0001417610680959987]],
    "movingAverageConfirmedCumulativePerCapitaPerPD": [["daily", 0.00002003600339189468], ["weekly", 0.00002003600339189468], ["biweekly", 0.00001860486029247363], ["triweekly", 0.000013039303794725107]],
    "country": "India",
    "long": "77.2",
    "movingAverageEstimatedAlpha": [["daily", 0.0], ["weekly", 0.0], ["biweekly", 0.07847230633343641], ["triweekly", 0.05231487088895761]],
    "date": "2/15/20",
    "movingAverageDeathRate": [["daily", 0.0], ["weekly", 0.0], ["biweekly", 0.0], ["triweekly", 0.0]],
    "lat": "28.6",
    "movingAverageControlAssessment": [["daily", 0.0], ["weekly", 0.0], ["biweekly", 0.00002074552216039006], ["triweekly", 0.00002074552216039006]]
  }, {
    "province_state": "New Delhi",
    "movingAverageGrowthRate": [["daily", 0.0], ["weekly", 0.0], ["biweekly", 0.14285714285714285], ["triweekly", 0.09523809523809523]],
    "movingAverageConfirmedDailyPerCapita": [["daily", 0.0], ["weekly", 0.0], ["biweekly", 0.00001037276108019503], ["triweekly", 0.00001037276108019503]],
    "movingAverageConfirmedCumulativePerCapita": [["daily", 0.0002178279826840956], ["weekly", 0.0002178279826840956], ["biweekly", 0.00021264160214399803], ["triweekly", 0.0001521338291761937]],
    "movingAverageConfirmedCumulativePerCapitaPerPD": [["daily", 0.00002003600339189468], ["weekly", 0.00002003600339189468], ["biweekly", 0.000019558955692087664], ["triweekly", 0.000013993399194339141]],
    "country": "India",
    "long": "77.2",
    "movingAverageEstimatedAlpha": [["daily", 0.0], ["weekly", 0.0], ["biweekly", 0.07847230633343641], ["triweekly", 0.05231487088895761]],
    "date": "2/16/20",
    "movingAverageDeathRate": [["daily", 0.0], ["weekly", 0.0], ["biweekly", 0.0], ["triweekly", 0.0]],
    "lat": "28.6",
    "movingAverageControlAssessment": [["daily", 0.0], ["weekly", 0.0], ["biweekly", 0.00002074552216039006], ["triweekly", 0.00002074552216039006]]
  }, {
    "province_state": "New Delhi",
    "movingAverageGrowthRate": [["daily", 0.0], ["weekly", 0.0], ["biweekly", 0.14285714285714285], ["triweekly", 0.09523809523809523]],
    "movingAverageConfirmedDailyPerCapita": [["daily", 0.0], ["weekly", 0.0], ["biweekly", 0.000005186380540097515], ["triweekly", 0.00001037276108019503]],
    "movingAverageConfirmedCumulativePerCapita": [["daily", 0.0002178279826840956], ["weekly", 0.0002178279826840956], ["biweekly", 0.00021782798268409555], ["triweekly", 0.00016250659025638872]],
    "movingAverageConfirmedCumulativePerCapitaPerPD": [["daily", 0.00002003600339189468], ["weekly", 0.00002003600339189468], ["biweekly", 0.000020036003391894678], ["triweekly", 0.000014947494593953174]],
    "country": "India",
    "long": "77.2",
    "movingAverageEstimatedAlpha": [["daily", 0.0], ["weekly", 0.0], ["biweekly", 0.028961793436297463], ["triweekly", 0.05231487088895761]],
    "date": "2/17/20",
    "movingAverageDeathRate": [["daily", 0.0], ["weekly", 0.0], ["biweekly", 0.0], ["triweekly", 0.0]],
    "lat": "28.6",
    "movingAverageControlAssessment": [["daily", 0.0], ["weekly", 0.0], ["biweekly", 0.00002074552216039006], ["triweekly", 0.00002074552216039006]]
  }, {
    "province_state": "New Delhi",
    "movingAverageGrowthRate": [["daily", 0.0], ["weekly", 0.0], ["biweekly", 0.07142857142857142], ["triweekly", 0.09523809523809523]],
    "movingAverageConfirmedDailyPerCapita": [["daily", 0.0], ["weekly", 0.0], ["biweekly", 0.0], ["triweekly", 0.00001037276108019503]],
    "movingAverageConfirmedCumulativePerCapita": [["daily", 0.0002178279826840956], ["weekly", 0.0002178279826840956], ["biweekly", 0.00021782798268409555], ["triweekly", 0.00017287935133658374]],
    "movingAverageConfirmedCumulativePerCapitaPerPD": [["daily", 0.00002003600339189468], ["weekly", 0.00002003600339189468], ["biweekly", 0.000020036003391894678], ["triweekly", 0.000015901589993567208]],
    "country": "India",
    "long": "77.2",
    "movingAverageEstimatedAlpha": [["daily", 0.0], ["weekly", 0.0], ["biweekly", 0.0], ["triweekly", 0.05231487088895761]],
    "date": "2/18/20",
    "movingAverageDeathRate": [["daily", 0.0], ["weekly", 0.0], ["biweekly", 0.0], ["triweekly", 0.0]],
    "lat": "28.6",
    "movingAverageControlAssessment": [["daily", 0.0], ["weekly", 0.0], ["biweekly", 0.00001037276108019503], ["triweekly", 0.00002074552216039006]]
  }, {
    "province_state": "New Delhi",
    "movingAverageGrowthRate": [["daily", 0.0], ["weekly", 0.0], ["biweekly", 0.0], ["triweekly", 0.09523809523809523]],
    "movingAverageConfirmedDailyPerCapita": [["daily", 0.0], ["weekly", 0.0], ["biweekly", 0.0], ["triweekly", 0.00001037276108019503]],
    "movingAverageConfirmedCumulativePerCapita": [["daily", 0.0002178279826840956], ["weekly", 0.0002178279826840956], ["biweekly", 0.00021782798268409555], ["triweekly", 0.00018325211241677878]],
    "movingAverageConfirmedCumulativePerCapitaPerPD": [["daily", 0.00002003600339189468], ["weekly", 0.00002003600339189468], ["biweekly", 0.000020036003391894678], ["triweekly", 0.00001685568539318124]],
    "country": "India",
    "long": "77.2",
    "movingAverageEstimatedAlpha": [["daily", 0.0], ["weekly", 0.0], ["biweekly", 0.0], ["triweekly", 0.05231487088895761]],
    "date": "2/19/20",
    "movingAverageDeathRate": [["daily", 0.0], ["weekly", 0.0], ["biweekly", 0.0], ["triweekly", 0.0]],
    "lat": "28.6",
    "movingAverageControlAssessment": [["daily", 0.0], ["weekly", 0.0], ["biweekly", 0.0], ["triweekly", 0.00002074552216039006]]
  }, {
    "province_state": "New Delhi",
    "movingAverageGrowthRate": [["daily", 0.0], ["weekly", 0.0], ["biweekly", 0.0], ["triweekly", 0.09523809523809523]],
    "movingAverageConfirmedDailyPerCapita": [["daily", 0.0], ["weekly", 0.0], ["biweekly", 0.0], ["triweekly", 0.00001037276108019503]],
    "movingAverageConfirmedCumulativePerCapita": [["daily", 0.0002178279826840956], ["weekly", 0.0002178279826840956], ["biweekly", 0.00021782798268409555], ["triweekly", 0.0001936248734969738]],
    "movingAverageConfirmedCumulativePerCapitaPerPD": [["daily", 0.00002003600339189468], ["weekly", 0.00002003600339189468], ["biweekly", 0.000020036003391894678], ["triweekly", 0.000017809780792795275]],
    "country": "India",
    "long": "77.2",
    "movingAverageEstimatedAlpha": [["daily", 0.0], ["weekly", 0.0], ["biweekly", 0.0], ["triweekly", 0.05231487088895761]],
    "date": "2/20/20",
    "movingAverageDeathRate": [["daily", 0.0], ["weekly", 0.0], ["biweekly", 0.0], ["triweekly", 0.0]],
    "lat": "28.6",
    "movingAverageControlAssessment": [["daily", 0.0], ["weekly", 0.0], ["biweekly", 0.0], ["triweekly", 0.00002074552216039006]]
  }, {
    "province_state": "New Delhi",
    "movingAverageGrowthRate": [["daily", 0.0], ["weekly", 0.0], ["biweekly", 0.0], ["triweekly", 0.09523809523809523]],
    "movingAverageConfirmedDailyPerCapita": [["daily", 0.0], ["weekly", 0.0], ["biweekly", 0.0], ["triweekly", 0.000006915174053463353]],
    "movingAverageConfirmedCumulativePerCapita": [["daily", 0.0002178279826840956], ["weekly", 0.0002178279826840956], ["biweekly", 0.00021782798268409555], ["triweekly", 0.00020054004755043717]],
    "movingAverageConfirmedCumulativePerCapitaPerPD": [["daily", 0.00002003600339189468], ["weekly", 0.00002003600339189468], ["biweekly", 0.000020036003391894678], ["triweekly", 0.000018445844392537964]],
    "country": "India",
    "long": "77.2",
    "movingAverageEstimatedAlpha": [["daily", 0.0], ["weekly", 0.0], ["biweekly", 0.0], ["triweekly", 0.05231487088895761]],
    "date": "2/21/20",
    "movingAverageDeathRate": [["daily", 0.0], ["weekly", 0.0], ["biweekly", 0.0], ["triweekly", 0.0]],
    "lat": "28.6",
    "movingAverageControlAssessment": [["daily", 0.0], ["weekly", 0.0], ["biweekly", 0.0], ["triweekly", 0.00002074552216039006]]
  }, {
    "province_state": "New Delhi",
    "movingAverageGrowthRate": [["daily", 0.0], ["weekly", 0.0], ["biweekly", 0.0], ["triweekly", 0.09523809523809523]],
    "movingAverageConfirmedDailyPerCapita": [["daily", 0.0], ["weekly", 0.0], ["biweekly", 0.0], ["triweekly", 0.000006915174053463353]],
    "movingAverageConfirmedCumulativePerCapita": [["daily", 0.0002178279826840956], ["weekly", 0.0002178279826840956], ["biweekly", 0.00021782798268409555], ["triweekly", 0.0002074552216039005]],
    "movingAverageConfirmedCumulativePerCapitaPerPD": [["daily", 0.00002003600339189468], ["weekly", 0.00002003600339189468], ["biweekly", 0.000020036003391894678], ["triweekly", 0.000019081907992280653]],
    "country": "India",
    "long": "77.2",
    "movingAverageEstimatedAlpha": [["daily", 0.0], ["weekly", 0.0], ["biweekly", 0.0], ["triweekly", 0.05231487088895761]],
    "date": "2/22/20",
    "movingAverageDeathRate": [["daily", 0.0], ["weekly", 0.0], ["biweekly", 0.0], ["triweekly", 0.0]],
    "lat": "28.6",
    "movingAverageControlAssessment": [["daily", 0.0], ["weekly", 0.0], ["biweekly", 0.0], ["triweekly", 0.000013830348106926707]]
  }, {
    "province_state": "New Delhi",
    "movingAverageGrowthRate": [["daily", 0.0], ["weekly", 0.0], ["biweekly", 0.0], ["triweekly", 0.09523809523809523]],
    "movingAverageConfirmedDailyPerCapita": [["daily", 0.0], ["weekly", 0.0], ["biweekly", 0.0], ["triweekly", 0.000006915174053463353]],
    "movingAverageConfirmedCumulativePerCapita": [["daily", 0.0002178279826840956], ["weekly", 0.0002178279826840956], ["biweekly", 0.00021782798268409555], ["triweekly", 0.00021437039565736388]],
    "movingAverageConfirmedCumulativePerCapitaPerPD": [["daily", 0.00002003600339189468], ["weekly", 0.00002003600339189468], ["biweekly", 0.000020036003391894678], ["triweekly", 0.000019717971592023342]],
    "country": "India",
    "long": "77.2",
    "movingAverageEstimatedAlpha": [["daily", 0.0], ["weekly", 0.0], ["biweekly", 0.0], ["triweekly", 0.05231487088895761]],
    "date": "2/23/20",
    "movingAverageDeathRate": [["daily", 0.0], ["weekly", 0.0], ["biweekly", 0.0], ["triweekly", 0.0]],
    "lat": "28.6",
    "movingAverageControlAssessment": [["daily", 0.0], ["weekly", 0.0], ["biweekly", 0.0], ["triweekly", 0.000013830348106926707]]
  }, {
    "province_state": "New Delhi",
    "movingAverageGrowthRate": [["daily", 0.0], ["weekly", 0.0], ["biweekly", 0.0], ["triweekly", 0.09523809523809523]],
    "movingAverageConfirmedDailyPerCapita": [["daily", 0.0], ["weekly", 0.0], ["biweekly", 0.0], ["triweekly", 0.0000034575870267316767]],
    "movingAverageConfirmedCumulativePerCapita": [["daily", 0.0002178279826840956], ["weekly", 0.0002178279826840956], ["biweekly", 0.00021782798268409555], ["triweekly", 0.00021782798268409555]],
    "movingAverageConfirmedCumulativePerCapitaPerPD": [["daily", 0.00002003600339189468], ["weekly", 0.00002003600339189468], ["biweekly", 0.000020036003391894678], ["triweekly", 0.000020036003391894685]],
    "country": "India",
    "long": "77.2",
    "movingAverageEstimatedAlpha": [["daily", 0.0], ["weekly", 0.0], ["biweekly", 0.0], ["triweekly", 0.019307862290864976]],
    "date": "2/24/20",
    "movingAverageDeathRate": [["daily", 0.0], ["weekly", 0.0], ["biweekly", 0.0], ["triweekly", 0.0]],
    "lat": "28.6",
    "movingAverageControlAssessment": [["daily", 0.0], ["weekly", 0.0], ["biweekly", 0.0], ["triweekly", 0.000013830348106926707]]
  }, {
    "province_state": "New Delhi",
    "movingAverageGrowthRate": [["daily", 0.0], ["weekly", 0.0], ["biweekly", 0.0], ["triweekly", 0.047619047619047616]],
    "movingAverageConfirmedDailyPerCapita": [["daily", 0.0], ["weekly", 0.0], ["biweekly", 0.0], ["triweekly", 0.0]],
    "movingAverageConfirmedCumulativePerCapita": [["daily", 0.0002178279826840956], ["weekly", 0.0002178279826840956], ["biweekly", 0.00021782798268409555], ["triweekly", 0.00021782798268409555]],
    "movingAverageConfirmedCumulativePerCapitaPerPD": [["daily", 0.00002003600339189468], ["weekly", 0.00002003600339189468], ["biweekly", 0.000020036003391894678], ["triweekly", 0.000020036003391894685]],
    "country": "India",
    "long": "77.2",
    "movingAverageEstimatedAlpha": [["daily", 0.0], ["weekly", 0.0], ["biweekly", 0.0], ["triweekly", 0.0]],
    "date": "2/25/20",
    "movingAverageDeathRate": [["daily", 0.0], ["weekly", 0.0], ["biweekly", 0.0], ["triweekly", 0.0]],
    "lat": "28.6",
